Instance : data/a280.tsp
Co没t : 8708
Chemin : 0 5 33 270 23 22 21 24 25 27 26 31 30 32 68 169 171 170 271 273 272 274 275 278 77 29 123 124 121 122 119 120 125 28 118 156 157 158 159 174 161 160 163 162 164 154 152 151 155 153 126 150 166 165 179 276 13 167 173 188 189 223 224 226 225 227 228 229 250 247 249 279 1 2 91 90 248 4 3 7 10 11 14 15 12 9 8 6 277 259 246 17 16 127 128 20 129 19 130 18 131 65 75 76 73 74 72 71 70 67 69 66 63 64 62 78 80 79 172 106 104 105 180 182 181 183 184 175 186 187 185 190 178 192 191 257 256 254 252 255 208 253 251 263 262 260 258 261 265 269 134 267 264 136 241 34 35 37 36 38 39 40 41 42 59 60 117 61 82 81 88 89 111 87 108 103 109 107 102 110 116 115 113 114 86 84 83 112 85 202 203 201 204 222 220 218 221 216 219 214 217 212 215 210 213 206 207 209 211 132 133 268 135 266 137 139 205 140 138 149 177 176 147 148 141 142 145 144 146 198 143 199 200 197 194 193 196 195 234 232 233 235 236 231 230 237 238 245 99 100 168 98 101 242 44 58 57 43 56 45 55 46 54 47 53 48 50 51 49 52 93 95 97 92 94 96 239 243 244 240 0 
Temps d'execution : 68.0686 secondes
Gap : 237.65%
----------------------------------------
Instance : data/berlin52.tsp
Co没t : 17504
Chemin : 0 42 8 25 18 32 19 7 40 44 9 2 16 17 10 50 27 26 23 30 20 48 6 41 1 22 28 29 45 49 15 43 24 3 13 12 51 46 11 34 38 14 4 5 37 39 47 36 35 33 31 21 0 
Temps d'execution : 68.1213 secondes
Gap : 132.087%
----------------------------------------
Instance : data/eil76.tsp
Co没t : 1439
Chemin : 0 55 48 54 14 58 62 51 9 71 8 38 57 30 17 12 53 13 43 31 24 23 49 39 56 44 26 45 68 10 37 64 33 72 74 34 6 4 19 36 69 70 59 35 28 46 47 40 63 42 21 41 29 1 50 11 5 67 73 75 66 3 25 7 18 52 65 15 2 16 22 60 20 61 27 32 0 
Temps d'execution : 64.3661 secondes
Gap : 167.472%
----------------------------------------
Instance : data/kroA100.tsp
Co没t : 76712
Chemin : 0 4 67 94 38 92 9 55 30 98 79 41 88 7 91 24 1 74 96 52 86 50 80 84 18 78 16 10 14 70 40 47 17 37 23 60 97 90 68 43 72 49 81 32 75 12 53 39 63 64 28 42 45 2 13 99 29 31 22 44 46 62 73 20 48 89 5 83 71 35 58 19 11 34 26 85 69 15 21 87 93 66 27 57 65 3 25 77 36 51 95 82 33 54 8 6 56 61 59 76 0 
Temps d'execution : 67.7502 secondes
Gap : 260.455%
----------------------------------------
